322,4
4294967279,298
4294967278,133
4294967278,447
4294967279,311
266,2
4294967279,509
4294967278,273
4294967279,272
4294967278,272
4294967279,399
393,2
4294967278,395
4294967279,310
335,2
4294967278,423
4294967279,269
4294967278,368
4294967279,459
250,2
4294967278,298
4294967278,268
4294967279,286
4294967279,278
4294967279,285
4294967278,289
4294967279,420
266,6
250,4
212,2
266,4
393,4
4294967294,480
4294967294,485
4294967294,1449
4294967278,378
215,2
4294967279,501
4294967278,261
4294967279,295
293,2
4294967278,329
4294967279,259
4294967278,410
4294967278,257
4294967279,413
4294967278,366
4294967278,365
4294967279,477
215,4
335,4
284,4
284,6
212,4
4294967279,414
4294967278,354
4294967279,318
4294967278,436
313,6
215,6
4294967278,254
4294967279,316
4294967278,430
4294967279,385
4294967279,256
4294967278,350
4294967278,253
4294967279,389
62,2
4294967278,342
4294967278,252
4294967279,397
4294967279,254
4294967278,336
4294967279,488
4294967279,252
396,6
4294967294,1443
4294967294,500
4294967279,250
4294967278,308
4294967279,400
170,4
4294967278,245
4294967279,174
4294967279,465
4294967279,246
4294967279,390
4294967278,316
4294967279,242
4294967278,284
4294967279,241
4294967278,238
4294967279,505
341,6
341,4
353,5
353,4
349,5
349,4
144,6
113,7
4294967278,413
367,2
315,1
315,7
315,0
315,5
357,2
4294967278,222
4294967278,422
83,2
178,1
178,8
178,0
178,6
4294967279,319
355,2
4294967278,282
340,2
4294967278,385
351,2
4294967279,232
399,2
4294967278,220
184,6
184,0
184,1
184,5
4294967278,341
73,2
178,7
178,2
4294967278,302
315,6
315,2
315,4
4294967279,228
303,2
367,7
367,6
367,4
401,9
401,0
401,1
401,8
4294967278,315
289,6
289,2
4294967279,460
83,6
314,2
376,7
376,6
376,2
376,4
365,7
365,2
340,6
4294967279,222
364,6
364,5
364,2
364,4
351,5
351,4
399,5
4294967278,219
4294967279,455
401,7
401,2
399,6
401,5
401,6
340,5
340,4
401,4
212,6
170,6
4294967294,1432
4294967294,1084
4294967294,270
312,5
4294967294,1442
4294967294,1444
4294967294,1429
4294967294,511
4294967294,271
314,4
314,6
399,4
365,4
365,5
357,5
357,4
355,5
355,4
359,4
4294967279,216
368,5
368,2
368,4
4294967293,131
4294967293,130
4294967293,129
4294967293,128
4294967293,127
4294967293,126
4294967293,125
4294967293,124
4294967293,123
4294967293,122
4294967293,121
4294967293,120
4294967293,119
4294967293,118
4294967293,117
4294967293,116
4294967293,115
4294967293,114
4294967293,113
4294967293,112
4294967293,111
4294967293,110
4294967293,109
4294967293,108
4294967293,107
4294967293,106
4294967293,105
4294967293,104
4294967293,103
4294967293,102
4294967293,101
4294967293,100
4294967293,99
4294967293,98
4294967293,97
4294967293,96
4294967293,95
4294967293,94
4294967293,93
4294967293,92
4294967293,91
4294967293,90
4294967293,89
4294967293,87
4294967293,86
4294967293,85
4294967293,84
4294967293,83
4294967293,82
4294967293,81
4294967293,80
4294967293,79
4294967293,78
4294967293,77
4294967293,76
4294967293,75
4294967293,74
4294967293,73
4294967293,72
4294967293,71
4294967293,70
4294967293,69
4294967293,68
4294967293,67
4294967293,66
4294967293,65
4294967293,64
4294967293,63
4294967293,62
4294967293,61
4294967293,60
4294967293,59
4294967293,58
4294967293,57
4294967293,56
4294967293,55
4294967293,54
4294967293,53
4294967293,52
4294967293,51
4294967293,50
4294967293,49
4294967293,48
4294967293,47
4294967293,46
4294967293,45
4294967293,44
4294967293,43
4294967293,42
4294967293,41
4294967293,40
4294967293,39
4294967293,38
4294967293,37
4294967293,36
4294967293,35
4294967293,34
4294967293,33
4294967293,32
4294967293,31
4294967293,30
4294967293,29
4294967293,28
4294967293,27
4294967293,26
4294967293,25
4294967293,24
4294967293,23
4294967293,22
4294967293,21
4294967293,20
4294967293,19
4294967293,18
4294967293,17
4294967293,16
4294967293,15
4294967293,14
4294967293,13
4294967293,12
4294967293,11
4294967293,10
4294967293,9
4294967293,8
4294967293,7
4294967293,6
4294967293,5
4294967293,4
4294967293,3
4294967278,132
4294967278,131
4294967278,130
4294967278,129
4294967278,128
4294967278,127
4294967278,126
4294967278,125
4294967278,124
4294967278,123
4294967278,122
4294967278,121
4294967278,120
4294967278,119
4294967278,118
4294967278,117
4294967278,116
4294967278,115
4294967278,114
4294967278,113
4294967278,112
4294967278,111
4294967278,110
4294967278,109
4294967278,108
4294967278,107
4294967278,106
4294967278,105
4294967278,104
4294967278,103
4294967278,99
4294967278,322
4294967278,97
4294967278,96
4294967278,94
4294967278,93
4294967278,92
4294967278,91
4294967278,90
4294967278,89
4294967278,87
4294967278,86
4294967278,84
4294967278,82
4294967278,81
4294967278,323
4294967278,325
4294967278,443
4294967278,348
4294967278,75
4294967278,73
4294967278,71
4294967278,331
4294967278,69
4294967278,338
4294967278,328
4294967278,67
4294967278,349
4294967278,66
4294967278,61
4294967278,59
4294967278,58
4294967278,57
4294967278,56
4294967278,55
4294967278,54
4294967278,53
4294967278,51
4294967278,48
4294967278,47
4294967278,45
4294967278,44
4294967278,43
4294967278,42
4294967278,38
4294967278,36
4294967278,35
4294967278,34
4294967278,33
4294967278,32
4294967278,31
4294967278,30
4294967278,29
4294967278,28
4294967278,27
4294967278,26
4294967278,25
4294967278,24
4294967278,23
4294967278,22
4294967278,21
4294967278,20
4294967278,19
4294967278,18
4294967278,17
4294967278,16
4294967278,15
4294967278,14
4294967278,13
4294967278,12
4294967278,11
4294967278,10
4294967278,9
4294967278,8
4294967278,7
4294967278,6
4294967278,5
4294967278,4
4294967279,132
4294967279,131
4294967279,130
4294967279,129
4294967279,128
4294967279,127
4294967279,126
4294967279,125
4294967279,124
4294967279,123
4294967279,122
4294967279,121
4294967279,120
4294967279,119
4294967279,118
4294967279,117
4294967279,116
4294967279,115
4294967279,114
4294967279,113
4294967279,112
4294967279,111
4294967279,110
4294967279,109
4294967279,108
4294967279,107
4294967279,106
4294967279,105
4294967279,104
4294967279,103
4294967279,99
4294967279,98
4294967279,97
4294967279,96
4294967279,95
4294967279,94
4294967279,260
4294967279,308
4294967279,93
4294967279,92
4294967279,91
4294967279,90
4294967279,89
4294967279,87
4294967279,86
4294967279,85
4294967279,475
4294967279,84
4294967279,83
4294967279,410
4294967279,82
4294967279,81
4294967279,80
4294967279,314
4294967279,79
4294967279,78
4294967279,386
4294967279,77
4294967279,437
4294967279,76
4294967279,75
4294967279,274
4294967279,74
4294967279,73
4294967279,72
4294967279,71
4294967279,70
4294967279,69
4294967279,68
4294967279,67
4294967279,66
4294967279,65
4294967279,64
4294967279,63
4294967279,62
4294967279,61
4294967279,60
4294967279,59
4294967279,58
4294967279,57
4294967279,56
4294967279,55
4294967279,54
4294967279,53
4294967279,52
4294967279,51
4294967279,50
4294967279,49
4294967279,48
4294967279,47
4294967279,46
4294967279,45
4294967279,44
4294967279,43
4294967279,42
4294967279,41
4294967279,40
4294967279,39
4294967279,38
4294967279,37
4294967279,36
4294967279,35
4294967279,34
4294967279,33
4294967279,32
4294967279,31
4294967279,30
4294967279,29
4294967279,28
